0.6780501172692239
0.5859938866355499
-0.36070296506855115
0.16806208710026338
0.5941216880511904
0.47680830850436307
0.162917067978128
0.9807590818888487
-0.6406569228325234
-0.6406278472114719
0.17255665820164312
-0.7739313537217578
-0.5830837792834382
0.9899114499585384
-0.22047617269920128
-0.620831335725391
0.6711448368126018
-0.36930700623816093
0.9521151525739935
-0.31842631352221806
0.7313435744613233
-0.3608332878671021
-0.7353421995731204
-0.2005662823104606
-0.5268327615093851
-0.6923182706482749
0.22984167419255086
-0.9627236107046053
0.5942141995785186
-0.3452741982608547
0.5173011697751524
0.7932939951217111
-0.8218199212020596
0.9502194438810128
0.007685297058128482
0.29187985535908334
-0.6361978644866704
-0.7096723659701802
0.1663188482040323
0.7775301603478892
0.6054616861072477
0.4385729399377434
-0.5784999583293315
0.3480847586800777
0.3378665779535608
0.8854770180620362
-0.8983961963206959
-0.5052011711079318
0.5131746372784447
-0.28792476222168806
0.6871425533505333
0.43523570659490174
0.7868644886083311
0.19856336724587154
0.38521980651088783
0.5788427320520821
0.34199799405568876
0.30889964425289396
0.792383150930061
0.7474413632208905
0.5064970476583635
0.13457044762475712
0.9025205699221897
0.8758842225472765
-0.37547226755671326
0.7794701235550714
0.49344059907310456
-0.5840939621046415
-0.7415428804687714
0.7241969753172348
-0.4282080755164579
-0.6207685969932792
0.05564069389640336
-0.6000841633404594
-0.6722098223511914
0.02129480680056206
-0.31936550541808684
0.7193059594833218
0.24700805850914498
0.31169366748555905
0.9410076194348029
-0.1761063653229118
-0.6455537817778441
-0.6290206766820248
-0.4159894959713897
0.6011637232322127
0.6742263536533315
0.25090596881575067
0.18200279331226055
0.6211522928154889
0.8385585535995994
0.6988204760367169
0.7432236981546392
-0.565738985827704
0.1751770873270555
0.4732599713250629
0.37782090622572273
-0.6325621683429765
0.8917853889029705
0.17305761511412898
-0.46745647873014673
-0.7896951101737433
0.05695847131763676
0.8755553290830604
0.6814688652334555
0.961373802815344
0.71347035580109
-0.3736514573550145
-0.06447627284400581
0.3505576314285992
0.6110510130471245
0.310995021881608
-0.9215815552801114
0.18706919691679036
-0.06880700534161122
-0.9565121762731645
-0.5156786291635491
-0.2873545933594599
-0.6972586461370021
0.011745610555738528
0.5736861053568325
-0.26727824076459483
0.5932019967825692
0.1489715554159765
0.10255208836559748
0.5989951589541929
-0.19225948445909302
0.5398544998782251
0.7414504234380945
0.47691698820752126
-0.2061345502057026
-0.1066968093138998
0.7333650569288623
0.5168733063709128
0.847016438996868
-0.7556310263204267
-0.8141334422961182
-0.4605406252345903
-0.24282368054532388
0.8277889529990596
-0.0814724617853495
0.8503301276253765
-0.6496054418445638
-0.5091746608702616
-0.18908239117565384
0.8513205571004208
0.3899611157371623
-0.7718860431612913
0.33407847582507455
0.33039017303274787
-0.32692031501790164
-0.38341741891660575
0.1860919750847827
0.9392574762042092
0.12722393568355872
-0.1081426644636827
-0.9211778215625765
0.7376956085450641
0.3387391391957659
0.3409001832466041
-0.6765242825922857
0.9447691628005701
-0.7790309206574515
0.006096987759788286
0.36586589708797135
-0.45699292856490925
0.559595168487395
-0.5449335058023546
0.7375662657434434
0.016593648981061415
-0.5464072982193462
-0.4296789979792901
0.3496241062358396
0.44355568571128634
-0.7806923561330523
-0.1956713571944002
-0.2952076761778828
-0.6738104276109218
0.8295355544955949
-0.43587076897905197
-0.5073375990494142
-0.3530762186042613
0.6987112467472425
-0.046729824473071835
-0.22870532810457722
-0.4983733111242077
-0.04501628750893505
-0.8026116571308901
0.9374394840422109
-0.12400982899875723
-0.9806480851539234
-0.7312762053429771
-0.8684533793601348
-0.6583286550099954
0.7839817672287275
0.07625483085917795
-0.598765688528571
0.09457610623056034
-0.2799550465768028
-0.4204880709732466
-0.25761110318938885
0.566873097814464
-0.3718718239634029
0.39333743064832216
-0.2657924307958348
0.4992357405386394
-0.3296429949874615
0.31703034397401764
0.03321856684431257
0.5291661274596207
-0.6801937334076598
-0.45886110743217534
-0.18245031844717174
0.15422510805805212
0.712329661219653
-0.48818827995875314
0.9719960461129007
